W=1d1
CC:	0.08463308446072369	 Shortest_Avg_Path 	155.66590772685356