W=0d2
CC:	0.1284026885693881	 Shortest_Avg_Path 	5.918203413163586