W=0d7
CC:	0.22159452923914885	 Shortest_Avg_Path 	49.18797280483511