W=1d0
CC:	0.10774437237994995	 Shortest_Avg_Path 	118.2309476899609