W=1d58489322662354
CC:	0.02058025606355615	 Shortest_Avg_Path 	20.617438341273363