W=0d3
CC:	0.2024592871228868	 Shortest_Avg_Path 	10.034605206219744