W=0d9
CC:	0.14152353216315702	 Shortest_Avg_Path 	91.90844214621615