W=1d2
CC:	0.060507354735497926	 Shortest_Avg_Path 	191.29277118653513