W=1d3
CC:	0.045266641927061646	 Shortest_Avg_Path 	239.71170703821363