W=0d8
CC:	0.18205333665440115	 Shortest_Avg_Path 	67.69071061695773