W=0d4
CC:	0.2559180369364526	 Shortest_Avg_Path 	16.446151567619523