W=1d5
CC:	0.018453121714367082	 Shortest_Avg_Path 	357.0755732619947