W=0d5
CC:	0.26311763553242423	 Shortest_Avg_Path 	24.28988702516532