W=0d6
CC:	0.2482332125329139	 Shortest_Avg_Path 	35.24426683325478