W=1d25892543792725
CC:	0.06307865879254018	 Shortest_Avg_Path 	13.80253074221219