W=0d1
CC:	0.048130193345115584	 Shortest_Avg_Path 	3.710921470694394