W=0
CC:	8.334072881000864e-05	 Shortest_Avg_Path 	3.046322867275734