W=1d4
CC:	0.029140806698021944	 Shortest_Avg_Path 	299.9557038577406